# This file may be used to create an environment using:
# $ conda create --name <env> --file <this file>
# platform: win-64
absl-py=2.4.0=pypi_0
asyncio=4.0.0=pypi_0
bzip2=1.0.8=h0ad9c76_9
ca-certificates=2026.5.20=h4c7d964_0
contourpy=1.3.2=pypi_0
cycler=0.12.1=pypi_0
etils=1.13.0=pypi_0
fonttools=4.63.0=pypi_0
fsspec=2026.4.0=pypi_0
glfw=2.10.0=pypi_0
importlib-resources=7.1.0=pypi_0
kiwisolver=1.5.0=pypi_0
libexpat=2.8.1=hac47afa_0
libffi=3.5.2=h3d046cb_0
liblzma=5.8.3=hfd05255_0
libsqlite=3.53.1=hf5d6505_0
libzlib=1.3.2=hfd05255_2
matplotlib=3.10.9=pypi_0
mediapy=1.2.6=pypi_0
mujoco=3.9.0=pypi_0
numpy=2.2.6=pypi_0
openssl=3.6.2=hf411b9b_0
orjson=3.11.9=pypi_0
packaging=26.2=pyhc364b38_0
pillow=12.2.0=pypi_0
pip=26.1.2=pyh8b19718_0
pyopengl=3.1.10=pypi_0
pyparsing=3.3.2=pypi_0
python=3.10.20=hc20f281_0_cpython
scipy=1.15.3=pypi_0
setuptools=82.0.1=pyh332efcf_0
tk=8.6.13=h6ed50ae_3
typing-extensions=4.15.0=pypi_0
tzdata=2025c=hc9c84f9_1
ucrt=10.0.26100.0=h57928b3_0
vc=14.5=h1b7c187_38
vc14_runtime=14.51.36231=h1b9f54f_38
vcomp14=14.51.36231=h1b9f54f_38
websockets=16.0=pypi_0
wheel=0.47.0=pyhd8ed1ab_0
zipp=4.1.0=pypi_0
